equity_signal,Final Equity,Total Return,Max Drawdown,combination_name,total_trades,Signal
rsma_100150__rsma_50100150_equity_constant,18502.359199999966,85.02359199999967,-50.82074691125954,rsma_100150__rsma_50100150,468.0,rsma_100150__rsma_50100150_equity_constant
rtt_5020__rema_100150_equity_constant,18185.16820000006,81.8516820000006,-55.41318403115271,rtt_5020__rema_100150,83.0,rtt_5020__rema_100150_equity_constant
rsma_100150__rema_50100150_equity_constant,17329.875099999987,73.29875099999987,-55.69513143809514,rsma_100150__rema_50100150,497.0,rsma_100150__rema_50100150_equity_constant
rbo_50__rema_100150_equity_constant,17252.94950000004,72.5294950000004,-53.26641421183413,rbo_50__rema_100150,128.0,rbo_50__rema_100150_equity_constant
rsma_100150__rbo_100_equity_constant,17065.710100000004,70.65710100000004,-51.2370627349156,rsma_100150__rbo_100,148.0,rsma_100150__rbo_100_equity_constant
rsma_50100__rbo_100_equity_constant,16949.87399999998,69.49873999999983,-52.80120359770996,rsma_50100__rbo_100,71.0,rsma_50100__rbo_100_equity_constant
rema_100150__rbo_100_equity_constant,16583.279800000037,65.83279800000037,-53.72282910289889,rema_100150__rbo_100,114.0,rema_100150__rbo_100_equity_constant
rtt_5020__rbo_100_equity_constant,16429.25470000001,64.29254700000008,-51.38667878417894,rtt_5020__rbo_100,80.0,rtt_5020__rbo_100_equity_constant
rema_50100__rema_100150_equity_constant,16214.915300000048,62.14915300000048,-49.56572682231839,rema_50100__rema_100150,44.0,rema_50100__rema_100150_equity_constant
rema_50100150__rtt_5020_equity_convex,16194.003799999975,61.940037999999745,-80.86046875800665,rema_50100150__rtt_5020,156.0,rema_50100150__rtt_5020_equity_convex
rsma_50100150__rsma_50100150_equity_constant,16160.799100000011,61.60799100000012,-40.39884769277774,rsma_50100150__rsma_50100150,26.0,rsma_50100150__rsma_50100150_equity_constant
rtt_5020__rema_50100_equity_constant,15967.670699999975,59.67670699999974,-52.55185998295789,rtt_5020__rema_50100,67.0,rtt_5020__rema_50100_equity_constant
rtt_5020__rsma_100150_equity_constant,15944.533499999958,59.445334999999574,-47.30229103682541,rtt_5020__rsma_100150,111.0,rtt_5020__rsma_100150_equity_constant
rbo_100__rema_100150_equity_constant,15826.419699999986,58.264196999999854,-46.37635282875791,rbo_100__rema_100150,82.0,rbo_100__rema_100150_equity_constant
rsma_100150__rema_50100_equity_constant,15771.204400000022,57.712044000000226,-48.2020103588158,rsma_100150__rema_50100,190.0,rsma_100150__rema_50100_equity_constant
rbo_100__rsma_50100150_equity_constant,15752.229899999986,57.522298999999855,-44.26908657040167,rbo_100__rsma_50100150,450.0,rbo_100__rsma_50100150_equity_constant
rtt_5020__rsma_50100_equity_constant,15552.614299999983,55.52614299999983,-48.621698486297106,rtt_5020__rsma_50100,128.0,rtt_5020__rsma_50100_equity_constant
rema_50100__rsma_50100150_equity_constant,15446.569799999981,54.465697999999804,-41.72023413379645,rema_50100__rsma_50100150,418.0,rema_50100__rsma_50100150_equity_constant
rbo_100__rsma_100150_equity_constant,15273.143699999971,52.731436999999715,-45.03557412220226,rbo_100__rsma_100150,124.0,rbo_100__rsma_100150_equity_constant
rema_50100150__rtt_5020_equity_concave,15252.372999999969,52.52372999999968,-83.59903757231324,rema_50100150__rtt_5020,156.0,rema_50100150__rtt_5020_equity_concave
rbo_50__rema_50100_equity_constant,15219.642,52.196419999999996,-50.219403479240256,rbo_50__rema_50100,100.0,rbo_50__rema_50100_equity_constant
rsma_50100150__rsma_100150_equity_constant,15200.72020000003,52.007202000000305,-37.514958137958864,rsma_50100150__rsma_100150,136.0,rsma_50100150__rsma_100150_equity_constant
rema_50100__rema_50100_equity_constant,15008.847900000013,50.08847900000013,-49.87308730562638,rema_50100__rema_50100,17.0,rema_50100__rema_50100_equity_constant
rbo_50__rsma_50100150_equity_constant,14932.331599999996,49.32331599999995,-45.621510070097656,rbo_50__rsma_50100150,388.0,rbo_50__rsma_50100150_equity_constant
rsma_100150__rema_100150_equity_constant,14903.116899999999,49.031169,-58.266888469201525,rsma_100150__rema_100150,105.0,rsma_100150__rema_100150_equity_constant
rsma_50100__rema_100150_equity_constant,14815.045999999991,48.15045999999992,-44.31691765074524,rsma_50100__rema_100150,65.0,rsma_50100__rema_100150_equity_constant
rema_100150__rema_50100_equity_constant,14745.271799999982,47.45271799999982,-46.558600459270345,rema_100150__rema_50100,131.0,rema_100150__rema_50100_equity_constant
rbo_50__rbo_100_equity_constant,14717.607300000014,47.17607300000015,-46.65507544012111,rbo_50__rbo_100,102.0,rbo_50__rbo_100_equity_constant
rtt_5020_equity_constant,14558.111900000009,45.58111900000008,-49.86445730234813,rtt_5020,,rtt_5020_equity_constant
rsma_50100150__rema_100150_equity_constant,14403.380199999981,44.033801999999824,-43.8251959049593,rsma_50100150__rema_100150,124.0,rsma_50100150__rema_100150_equity_constant
rbo_50__rsma_50100_equity_constant,14250.107400000012,42.501074000000116,-44.17748500932861,rbo_50__rsma_50100,161.0,rbo_50__rsma_50100_equity_constant
rsma_50100__rema_50100150_equity_constant,14081.968900000002,40.81968900000001,-43.57420240599713,rsma_50100__rema_50100150,392.0,rsma_50100__rema_50100150_equity_constant
rbo_100__rema_50100_equity_constant,14068.146200000005,40.681462000000046,-40.68170955324643,rbo_100__rema_50100,122.0,rbo_100__rema_50100_equity_constant
rema_100150__rema_50100150_equity_constant,13827.196800000009,38.27196800000008,-50.22962598044099,rema_100150__rema_50100150,492.0,rema_100150__rema_50100150_equity_constant
rsma_50100__rema_50100_equity_constant,13746.696099999976,37.466960999999756,-44.93489932220948,rsma_50100__rema_50100,59.0,rsma_50100__rema_50100_equity_constant
rema_100150__rema_100150_equity_constant,13731.797600000005,37.317976000000066,-56.599294311965544,rema_100150__rema_100150,9.0,rema_100150__rema_100150_equity_constant
rema_50100150__rbo_20_equity_convex,13683.860699999943,36.838606999999435,-84.03674703658042,rema_50100150__rbo_20,229.0,rema_50100150__rbo_20_equity_convex
rbo_50__rsma_100150_equity_constant,13570.702700000013,35.707027000000124,-39.27817883751716,rbo_50__rsma_100150,159.0,rbo_50__rsma_100150_equity_constant
rbo_50__rema_50100150_equity_constant,13545.90479999999,35.4590479999999,-46.954634266454676,rbo_50__rema_50100150,376.0,rbo_50__rema_50100150_equity_constant
rbo_100__rbo_100_equity_constant,13536.115400000012,35.361154000000106,-40.25684608965639,rbo_100__rbo_100,10.0,rbo_100__rbo_100_equity_constant
rema_50100__rsma_50100_equity_constant,13503.920500000013,35.03920500000013,-43.42674186539111,rema_50100__rsma_50100,127.0,rema_50100__rsma_50100_equity_constant
rsma_50100__rsma_100150_equity_constant,13217.526399999955,32.17526399999955,-35.11638969426434,rsma_50100__rsma_100150,126.0,rsma_50100__rsma_100150_equity_constant
rsma_50100150__rsma_50100_equity_constant,13010.893100000001,30.108931000000005,-33.46143736642921,rsma_50100150__rsma_50100,234.0,rsma_50100150__rsma_50100_equity_constant
rbo_20__rema_50100_equity_constant,12974.357899999988,29.743578999999887,-40.22851336552991,rbo_20__rema_50100,146.0,rbo_20__rema_50100_equity_constant
rsma_50100150__rbo_20_equity_constant,12935.64470000001,29.35644700000011,-27.466690310591456,rsma_50100150__rbo_20,214.0,rsma_50100150__rbo_20_equity_constant
rbo_100__rsma_50100_equity_constant,12920.428199999988,29.20428199999987,-37.274542009747016,rbo_100__rsma_50100,195.0,rbo_100__rsma_50100_equity_constant
rbo_100__rema_50100150_equity_constant,12906.357600000023,29.063576000000225,-40.518775440698974,rbo_100__rema_50100150,466.0,rbo_100__rema_50100150_equity_constant
rema_100150__rsma_50100150_equity_constant,12871.72119999999,28.717211999999904,-37.94137047438969,rema_100150__rsma_50100150,461.0,rema_100150__rsma_50100150_equity_constant
rsma_50100__rsma_50100150_equity_constant,12842.758800000012,28.427588000000114,-36.74777469174459,rsma_50100__rsma_50100150,420.0,rsma_50100__rsma_50100150_equity_constant
rema_50100__rbo_100_equity_constant,12802.788199999994,28.027881999999927,-38.66485269179598,rema_50100__rbo_100,67.0,rema_50100__rbo_100_equity_constant
rsma_50100__rsma_50100_equity_constant,12761.448799999996,27.61448799999997,-41.44484175646213,rsma_50100__rsma_50100,16.0,rsma_50100__rsma_50100_equity_constant
rsma_50100150__rema_50100150_equity_constant,12759.182,27.59182,-32.480331534604225,rsma_50100150__rema_50100150,155.0,rsma_50100150__rema_50100150_equity_constant
rbo_20__rsma_50100_equity_constant,12725.496600000017,27.25496600000017,-39.94931374184624,rbo_20__rsma_50100,213.0,rbo_20__rsma_50100_equity_constant
rema_50100__rema_50100150_equity_constant,12684.583300000017,26.845833000000162,-40.73947328668566,rema_50100__rema_50100150,469.0,rema_50100__rema_50100150_equity_constant
rsma_50100150__rbo_50_equity_constant,12655.126800000016,26.55126800000016,-35.64431824267213,rsma_50100150__rbo_50,209.0,rsma_50100150__rbo_50_equity_constant
rtt_5020__rtt_5020_equity_constant,12547.944300000036,25.47944300000036,-39.86594372596042,rtt_5020__rtt_5020,17.0,rtt_5020__rtt_5020_equity_constant
rtt_5020__rbo_50_equity_constant,12547.944300000036,25.47944300000036,-39.86594372596042,rtt_5020__rbo_50,17.0,rtt_5020__rbo_50_equity_constant
rbo_20__rema_100150_equity_constant,12538.829000000009,25.38829000000009,-44.85152601328639,rbo_20__rema_100150,120.0,rbo_20__rema_100150_equity_constant
rsma_50100150__rbo_100_equity_constant,12532.674499999977,25.326744999999782,-37.23976304154558,rsma_50100150__rbo_100,142.0,rsma_50100150__rbo_100_equity_constant
rsma_100150__rsma_100150_equity_constant,12365.337600000006,23.65337600000006,-41.14407493165138,rsma_100150__rsma_100150,15.0,rsma_100150__rsma_100150_equity_constant
rsma_50100150__rema_50100_equity_constant,12330.226399999987,23.302263999999862,-31.380503049231667,rsma_50100150__rema_50100,165.0,rsma_50100150__rema_50100_equity_constant
rema_50100__rsma_100150_equity_constant,12171.879999999986,21.71879999999986,-37.72853315678778,rema_50100__rsma_100150,111.0,rema_50100__rsma_100150_equity_constant
rbo_20__rsma_100150_equity_constant,12117.684699999993,21.17684699999993,-35.651267536116244,rbo_20__rsma_100150,144.0,rbo_20__rsma_100150_equity_constant
rema_50100150__rsma_100150_equity_constant,11970.197200000013,19.701972000000122,-29.733861516492915,rema_50100150__rsma_100150,192.0,rema_50100150__rsma_100150_equity_constant
rbo_50__rbo_50_equity_constant,11842.563400000021,18.425634000000212,-36.28449210165605,rbo_50__rbo_50,17.0,rbo_50__rbo_50_equity_constant
rbo_50__rtt_5020_equity_constant,11842.563400000021,18.425634000000212,-36.28449210165605,rbo_50__rtt_5020,17.0,rbo_50__rtt_5020_equity_constant
rbo_50__rbo_20_equity_constant,11805.330800000003,18.053308000000023,-37.67538975154704,rbo_50__rbo_20,190.0,rbo_50__rbo_20_equity_constant
rtt_5020__rsma_50100150_equity_constant,11765.268599999998,17.652685999999985,-29.17244590092561,rtt_5020__rsma_50100150,278.0,rtt_5020__rsma_50100150_equity_constant
rema_50100150__rbo_100_equity_constant,11703.961099999993,17.039610999999933,-25.411555595014818,rema_50100150__rbo_100,189.0,rema_50100150__rbo_100_equity_constant
rema_50100__rbo_20_equity_constant,11339.664699999988,13.396646999999895,-36.39414440165756,rema_50100__rbo_20,284.0,rema_50100__rbo_20_equity_constant
rbo_20__rsma_50100150_equity_constant,11276.403399999992,12.764033999999924,-26.14024361054418,rbo_20__rsma_50100150,331.0,rbo_20__rsma_50100150_equity_constant
rema_100150__rsma_100150_equity_constant,11081.014200000021,10.810142000000212,-41.680536090790405,rema_100150__rsma_100150,113.0,rema_100150__rsma_100150_equity_constant
rbo_20__rbo_100_equity_constant,10994.74900000002,9.947490000000192,-33.46477950916051,rbo_20__rbo_100,129.0,rbo_20__rbo_100_equity_constant
rema_50100150__rema_50100_equity_constant,10853.979299999994,8.53979299999994,-30.876584765286964,rema_50100150__rema_50100,245.0,rema_50100150__rema_50100_equity_constant
rbo_20__rtt_5020_equity_constant,10839.692299999984,8.396922999999834,-47.69420027639379,rbo_20__rtt_5020,27.0,rbo_20__rtt_5020_equity_constant
rsma_100150__rsma_50100150_equity_equal,10794.973899999979,7.9497389999998,-8.981259069110022,rsma_100150__rsma_50100150,468.0,rsma_100150__rsma_50100150_equity_equal
rbo_100__rbo_50_equity_constant,10791.301600000008,7.913016000000073,-33.3340397310339,rbo_100__rbo_50,227.0,rbo_100__rbo_50_equity_constant
rsma_50100150__rtt_5020_equity_constant,10735.205699999999,7.35205699999999,-24.349101727948867,rsma_50100150__rtt_5020,151.0,rsma_50100150__rtt_5020_equity_constant
rbo_100__rbo_20_equity_constant,10598.219199999976,5.982191999999764,-36.48128187329742,rbo_100__rbo_20,321.0,rbo_100__rbo_20_equity_constant
rema_50100__rbo_50_equity_constant,10582.44000000003,5.824400000000307,-32.732866719001926,rema_50100__rbo_50,172.0,rema_50100__rbo_50_equity_constant
rbo_20__rbo_50_equity_constant,10539.708900000018,5.397089000000177,-34.48929001075401,rbo_20__rbo_50,125.0,rbo_20__rbo_50_equity_constant
rrg_equity_equal,10484.810000000023,4.848100000000222,-7.2205019965348285,rrg,,rrg_equity_equal
rsma_100150__rema_50100150_equity_equal,10426.011799999997,4.260117999999968,-7.331156563941487,rsma_100150__rema_50100150,497.0,rsma_100150__rema_50100150_equity_equal
rsma_100150__rsma_50100_equity_constant,10422.663599999962,4.226635999999617,-42.38595557660928,rsma_100150__rsma_50100,272.0,rsma_100150__rsma_50100_equity_constant
rema_100150__rsma_50100150_equity_equal,10421.143399999997,4.2114339999999695,-5.929432496511446,rema_100150__rsma_50100150,461.0,rema_100150__rsma_50100150_equity_equal
rtt_5020__rbo_20_equity_constant,10389.228299999984,3.892282999999841,-30.045561944149433,rtt_5020__rbo_20,33.0,rtt_5020__rbo_20_equity_constant
rema_100150__rsma_100150_equity_equal,10388.687800000002,3.8868780000000047,-5.439164086329528,rema_100150__rsma_100150,113.0,rema_100150__rsma_100150_equity_equal
rsma_50100__rema_50100150_equity_equal,10362.671900000012,3.6267190000001115,-6.129295453916455,rsma_50100__rema_50100150,392.0,rsma_50100__rema_50100150_equity_equal
rsma_100150__rsma_100150_equity_equal,10353.00260000002,3.530026000000208,-5.996367625934382,rsma_100150__rsma_100150,15.0,rsma_100150__rsma_100150_equity_equal
rbo_20__rbo_50_equity_equal,10344.794099999981,3.44794099999981,-6.323082041540178,rbo_20__rbo_50,125.0,rbo_20__rbo_50_equity_equal
rsma_100150__rtt_5020_equity_equal,10341.888799999993,3.418887999999942,-6.660217261038574,rsma_100150__rtt_5020,232.0,rsma_100150__rtt_5020_equity_equal
rema_50100150__rema_50100150_equity_equal,10332.244100000007,3.322441000000076,-4.868415806561374,rema_50100150__rema_50100150,21.0,rema_50100150__rema_50100150_equity_equal
rsma_50100150__rema_50100150_equity_equal,10320.09640000001,3.200964000000095,-4.78600657703876,rsma_50100150__rema_50100150,155.0,rsma_50100150__rema_50100150_equity_equal
rsma_100150__rema_100150_equity_equal,10290.823700000043,2.9082370000004243,-4.726957140724591,rsma_100150__rema_100150,105.0,rsma_100150__rema_100150_equity_equal
rsma_50100__rbo_20_equity_constant,10285.296400000003,2.8529640000000356,-30.754369447135716,rsma_50100__rbo_20,280.0,rsma_50100__rbo_20_equity_constant
rsma_100150__rbo_50_equity_equal,10278.469800000015,2.784698000000163,-6.997925300417489,rsma_100150__rbo_50,310.0,rsma_100150__rbo_50_equity_equal
rema_50100__rtt_5020_equity_constant,10275.709199999976,2.757091999999761,-33.115159006249414,rema_50100__rtt_5020,141.0,rema_50100__rtt_5020_equity_constant
rbo_20__rsma_100150_equity_equal,10266.948100000005,2.66948100000004,-6.132598092133793,rbo_20__rsma_100150,144.0,rbo_20__rsma_100150_equity_equal
rema_100150__rema_100150_equity_equal,10266.207400000005,2.6620740000000476,-4.543112853643943,rema_100150__rema_100150,9.0,rema_100150__rema_100150_equity_equal
rsma_100150_equity_equal,10254.847499999996,2.5484749999999723,-6.651617498532494,rsma_100150,,rsma_100150_equity_equal
rbo_20__rema_50100150_equity_constant,10247.962499999996,2.479624999999963,-29.672649025477366,rbo_20__rema_50100150,322.0,rbo_20__rema_50100150_equity_constant
rema_50100__rsma_100150_equity_equal,10244.760500000011,2.4476050000001193,-5.792551905621868,rema_50100__rsma_100150,111.0,rema_50100__rsma_100150_equity_equal
rema_100150__rbo_50_equity_equal,10244.021600000002,2.4402160000000173,-6.857250269361982,rema_100150__rbo_50,285.0,rema_100150__rbo_50_equity_equal
rsma_50100__rbo_50_equity_constant,10242.469399999998,2.424693999999983,-30.33000021660351,rsma_50100__rbo_50,166.0,rsma_50100__rbo_50_equity_constant
rbo_50__rema_50100150_equity_equal,10229.3567,2.2935670000000075,-4.402575369927033,rbo_50__rema_50100150,376.0,rbo_50__rema_50100150_equity_equal
rsma_50100150__rbo_50_equity_equal,10212.10300000002,2.1210300000001903,-4.458292871664803,rsma_50100150__rbo_50,209.0,rsma_50100150__rbo_50_equity_equal
rema_50100150__rsma_50100_equity_constant,10204.03370000001,2.040337000000103,-26.572125662417612,rema_50100150__rsma_50100,236.0,rema_50100150__rsma_50100_equity_constant
rtt_5020__rsma_100150_equity_equal,10197.937199999986,1.9793719999998682,-6.568036341890646,rtt_5020__rsma_100150,111.0,rtt_5020__rsma_100150_equity_equal
rema_100150__rsma_50100_equity_equal,10193.172299999997,1.931722999999974,-5.343843159528191,rema_100150__rsma_50100,216.0,rema_100150__rsma_50100_equity_equal
rema_50100150__rsma_50100_equity_equal,10182.29850000001,1.822985000000088,-3.2261536565163182,rema_50100150__rsma_50100,236.0,rema_50100150__rsma_50100_equity_equal
rtt_5020__rema_50100150_equity_constant,10180.890000000016,1.8089000000001576,-29.970955265503672,rtt_5020__rema_50100150,278.0,rtt_5020__rema_50100150_equity_constant
rbo_20__rbo_100_equity_equal,10174.158200000034,1.7415820000003412,-6.136049027965808,rbo_20__rbo_100,129.0,rbo_20__rbo_100_equity_equal
rema_50100150_equity_equal,10161.465399999981,1.6146539999998044,-8.096337611296773,rema_50100150,,rema_50100150_equity_equal
rema_50100150__rsma_50100150_equity_equal,10150.261100000014,1.5026110000001536,-3.9092324692232094,rema_50100150__rsma_50100150,182.0,rema_50100150__rsma_50100150_equity_equal
rbo_20__rema_100150_equity_equal,10147.015000000009,1.4701500000000811,-5.516719108277614,rbo_20__rema_100150,120.0,rbo_20__rema_100150_equity_equal
rsma_50100150__rsma_50100150_equity_equal,10140.07780000002,1.4007780000001802,-4.272163731545929,rsma_50100150__rsma_50100150,26.0,rsma_50100150__rsma_50100150_equity_equal
rbo_100__rema_50100150_equity_equal,10135.996699999989,1.3599669999998953,-4.405891291923485,rbo_100__rema_50100150,466.0,rbo_100__rema_50100150_equity_equal
rbo_50__rsma_100150_equity_equal,10124.882400000008,1.2488240000000816,-5.90130932286235,rbo_50__rsma_100150,159.0,rbo_50__rsma_100150_equity_equal
rsma_100150__rsma_50100_equity_equal,10124.175499999996,1.2417549999999666,-5.45081157266302,rsma_100150__rsma_50100,272.0,rsma_100150__rsma_50100_equity_equal
rema_50100150__rbo_50_equity_equal,10114.366,1.1436599999999908,-3.7818169588792276,rema_50100150__rbo_50,225.0,rema_50100150__rbo_50_equity_equal
rema_100150__rtt_5020_equity_equal,10110.481100000028,1.104811000000283,-6.535496963053301,rema_100150__rtt_5020,215.0,rema_100150__rtt_5020_equity_equal
rsma_50100__rema_50100_equity_equal,10105.828800000003,1.0582880000000294,-4.857858878663804,rsma_50100__rema_50100,59.0,rsma_50100__rema_50100_equity_equal
rsma_50100150__rsma_100150_equity_equal,10104.596699999987,1.045966999999881,-5.419292522543544,rsma_50100150__rsma_100150,136.0,rsma_50100150__rsma_100150_equity_equal
rbo_20__rsma_50100_equity_equal,10103.476900000003,1.0347690000000354,-4.853291786517168,rbo_20__rsma_50100,213.0,rbo_20__rsma_50100_equity_equal
rbo_100__rtt_5020_equity_constant,10102.296700000004,1.0229670000000413,-38.73307701569247,rbo_100__rtt_5020,165.0,rbo_100__rtt_5020_equity_constant
rbo_50__rsma_50100150_equity_equal,10092.7371,0.9273709999999991,-5.123634838867887,rbo_50__rsma_50100150,388.0,rbo_50__rsma_50100150_equity_equal
rema_50100__rema_100150_equity_equal,10086.490300000016,0.8649030000001501,-4.542579788119118,rema_50100__rema_100150,44.0,rema_50100__rema_100150_equity_equal
rema_50100__rsma_50100150_equity_equal,10074.450299999982,0.7445029999998187,-5.120013135518688,rema_50100__rsma_50100150,418.0,rema_50100__rsma_50100150_equity_equal
rsma_50100__rsma_100150_equity_equal,10068.176100000019,0.6817610000001917,-5.012315034987309,rsma_50100__rsma_100150,126.0,rsma_50100__rsma_100150_equity_equal
rbo_50__rbo_50_equity_equal,10062.584699999992,0.6258469999999239,-4.463996321182999,rbo_50__rbo_50,17.0,rbo_50__rbo_50_equity_equal
rbo_50__rtt_5020_equity_equal,10062.584699999992,0.6258469999999239,-4.463996321182999,rbo_50__rtt_5020,17.0,rbo_50__rtt_5020_equity_equal
rsma_50100__rema_100150_equity_equal,10060.921600000027,0.6092160000002789,-4.528188413507514,rsma_50100__rema_100150,65.0,rsma_50100__rema_100150_equity_equal
rsma_50100150__rema_100150_equity_equal,10060.726899999978,0.6072689999997882,-3.6748916968389174,rsma_50100150__rema_100150,124.0,rsma_50100150__rema_100150_equity_equal
rema_50100150__rema_100150_equity_equal,10045.643099999988,0.45643099999987946,-4.112462064642083,rema_50100150__rema_100150,183.0,rema_50100150__rema_100150_equity_equal
rema_50100__rbo_100_equity_equal,10043.7661,0.4376610000000003,-5.449994559174521,rema_50100__rbo_100,67.0,rema_50100__rbo_100_equity_equal
rsma_50100150__rtt_5020_equity_equal,10038.399500000009,0.38399500000008135,-3.3537279957396255,rsma_50100150__rtt_5020,151.0,rsma_50100150__rtt_5020_equity_equal
rsma_50100__rsma_50100150_equity_equal,10035.419100000016,0.35419100000015913,-6.410409644668107,rsma_50100__rsma_50100150,420.0,rsma_50100__rsma_50100150_equity_equal
rema_100150__rema_50100150_equity_equal,10033.799200000003,0.3379920000000203,-4.4076680599049425,rema_100150__rema_50100150,492.0,rema_100150__rema_50100150_equity_equal
rema_100150_equity_equal,10027.65830000002,0.27658300000019675,-5.9313361698121145,rema_100150,,rema_100150_equity_equal
rtt_5020__rtt_5020_equity_equal,10009.654399999972,0.09654399999972085,-4.463996321182999,rtt_5020__rtt_5020,17.0,rtt_5020__rtt_5020_equity_equal
rtt_5020__rbo_50_equity_equal,10009.654399999972,0.09654399999972085,-4.463996321182999,rtt_5020__rbo_50,17.0,rtt_5020__rbo_50_equity_equal
rsma_50100150__rbo_100_equity_equal,10001.7096,0.017095999999994227,-3.368406170051813,rsma_50100150__rbo_100,142.0,rsma_50100150__rbo_100_equity_equal
rbo_50__rbo_100_equity_equal,9997.841099999996,-0.021589000000044045,-4.527669838099135,rbo_50__rbo_100,102.0,rbo_50__rbo_100_equity_equal
rbo_100__rbo_100_equity_equal,9979.082500000002,-0.20917499999997258,-4.683600500436985,rbo_100__rbo_100,10.0,rbo_100__rbo_100_equity_equal
rema_100150__rema_50100_equity_equal,9966.973299999994,-0.3302670000000618,-4.543533910486593,rema_100150__rema_50100,131.0,rema_100150__rema_50100_equity_equal
rema_50100150__rbo_20_equity_equal,9963.437199999993,-0.36562800000007334,-3.0330952634898165,rema_50100150__rbo_20,229.0,rema_50100150__rbo_20_equity_equal
rsma_50100150__rema_50100_equity_equal,9944.763800000002,-0.5523619999999729,-4.208581021994152,rsma_50100150__rema_50100,165.0,rsma_50100150__rema_50100_equity_equal
rema_50100150__rsma_100150_equity_equal,9940.99779999998,-0.5900220000002121,-3.28324523465166,rema_50100150__rsma_100150,192.0,rema_50100150__rsma_100150_equity_equal
rbo_50__rema_100150_equity_equal,9939.89930000002,-0.6010069999998091,-4.567770277179991,rbo_50__rema_100150,128.0,rbo_50__rema_100150_equity_equal
rema_50100__rtt_5020_equity_equal,9937.420699999977,-0.6257930000002299,-5.889715104983881,rema_50100__rtt_5020,141.0,rema_50100__rtt_5020_equity_equal
rema_50100150__rtt_5020_equity_equal,9936.040499999997,-0.6395950000000261,-3.1159701743976624,rema_50100150__rtt_5020,156.0,rema_50100150__rtt_5020_equity_equal
rbo_50__rema_50100_equity_equal,9921.258100000001,-0.7874189999999892,-5.017677657245077,rbo_50__rema_50100,100.0,rbo_50__rema_50100_equity_equal
rbo_20__rema_50100_equity_equal,9915.869899999998,-0.8413010000000165,-4.8923998742308,rbo_20__rema_50100,146.0,rbo_20__rema_50100_equity_equal
rtt_5020__rbo_100_equity_equal,9913.581699999986,-0.8641830000001405,-5.31177515767088,rtt_5020__rbo_100,80.0,rtt_5020__rbo_100_equity_equal
rsma_50100__rbo_100_equity_equal,9910.63050000001,-0.8936949999998944,-4.532553245380164,rsma_50100__rbo_100,71.0,rsma_50100__rbo_100_equity_equal
rsma_100150__rbo_20_equity_constant,9906.029899999992,-0.9397010000000816,-42.26114455537161,rsma_100150__rbo_20,361.0,rsma_100150__rbo_20_equity_constant
rtt_5020__rema_100150_equity_equal,9901.078000000018,-0.9892199999998241,-4.939564868290572,rtt_5020__rema_100150,83.0,rtt_5020__rema_100150_equity_equal
rsma_100150__rema_50100_equity_equal,9897.876999999986,-1.0212300000001395,-4.542819166640943,rsma_100150__rema_50100,190.0,rsma_100150__rema_50100_equity_equal
rsma_50100__rtt_5020_equity_equal,9892.701900000018,-1.0729809999998174,-5.71356430475431,rsma_50100__rtt_5020,141.0,rsma_50100__rtt_5020_equity_equal
rbo_100__rema_100150_equity_equal,9890.297100000014,-1.0970289999998606,-4.673416598645021,rbo_100__rema_100150,82.0,rbo_100__rema_100150_equity_equal
rema_50100__rbo_50_equity_equal,9888.650699999995,-1.1134930000000542,-5.894048844320691,rema_50100__rbo_50,172.0,rema_50100__rbo_50_equity_equal
rema_50100__rema_50100_equity_equal,9885.701100000002,-1.1429889999999832,-4.590013291836499,rema_50100__rema_50100,17.0,rema_50100__rema_50100_equity_equal
rtt_5020__rema_50100_equity_equal,9885.436399999999,-1.1456360000000165,-5.360084796400886,rtt_5020__rema_50100,67.0,rtt_5020__rema_50100_equity_equal
rema_50100__rema_50100150_equity_equal,9883.396999999983,-1.1660300000001733,-5.499280987769781,rema_50100__rema_50100150,469.0,rema_50100__rema_50100150_equity_equal
rsma_50100150__rbo_20_equity_equal,9880.869599999978,-1.191304000000215,-2.8242078872099006,rsma_50100150__rbo_20,214.0,rsma_50100150__rbo_20_equity_equal
rsma_50100__rbo_50_equity_equal,9879.074400000014,-1.2092559999998587,-6.141935734822462,rsma_50100__rbo_50,166.0,rsma_50100__rbo_50_equity_equal
rema_50100150__rsma_50100150_equity_constant,9877.372399999991,-1.2262760000000927,-27.18604301406572,rema_50100150__rsma_50100150,182.0,rema_50100150__rsma_50100150_equity_constant
rsma_50100__rsma_50100_equity_equal,9874.413500000022,-1.2558649999997784,-4.94173855035369,rsma_50100__rsma_50100,16.0,rsma_50100__rsma_50100_equity_equal
rbo_100__rsma_100150_equity_equal,9850.84869999999,-1.4915130000000998,-4.94750752070967,rbo_100__rsma_100150,124.0,rbo_100__rsma_100150_equity_equal
rbo_100__rsma_50100150_equity_equal,9843.2889,-1.56711100000001,-6.363896447897371,rbo_100__rsma_50100150,450.0,rbo_100__rsma_50100150_equity_equal
rsma_100150__rbo_20_equity_equal,9837.019999999988,-1.6298000000001256,-4.438205565135648,rsma_100150__rbo_20,361.0,rsma_100150__rbo_20_equity_equal
rema_50100150__rema_50100_equity_equal,9836.880099999988,-1.6311990000001275,-3.436066292949268,rema_50100150__rema_50100,245.0,rema_50100150__rema_50100_equity_equal
rbo_50__rsma_50100_equity_equal,9836.85419999999,-1.6314580000000967,-5.7859890620939725,rbo_50__rsma_50100,161.0,rbo_50__rsma_50100_equity_equal
rsma_100150__rbo_100_equity_equal,9828.114900000028,-1.7188509999997215,-4.934427555370923,rsma_100150__rbo_100,148.0,rsma_100150__rbo_100_equity_equal
rbo_100__rsma_50100_equity_equal,9823.50920000002,-1.7649079999997985,-5.330358363380125,rbo_100__rsma_50100,195.0,rbo_100__rsma_50100_equity_equal
rema_50100150__rbo_100_equity_equal,9822.813200000046,-1.7718679999995435,-4.368877914398133,rema_50100150__rbo_100,189.0,rema_50100150__rbo_100_equity_equal
rbo_50__rbo_20_equity_equal,9820.169399999997,-1.7983060000000273,-4.566352179165166,rbo_50__rbo_20,190.0,rbo_50__rbo_20_equity_equal
rema_100150__rbo_20_equity_equal,9787.4653,-2.1253469999999997,-6.013454425966946,rema_100150__rbo_20,347.0,rema_100150__rbo_20_equity_equal
rema_100150__rbo_100_equity_equal,9785.866100000017,-2.14133899999982,-4.821003204045578,rema_100150__rbo_100,114.0,rema_100150__rbo_100_equity_equal
rtt_5020__rsma_50100_equity_equal,9776.76430000001,-2.232356999999907,-6.361610406064318,rtt_5020__rsma_50100,128.0,rtt_5020__rsma_50100_equity_equal
rema_50100__rsma_50100_equity_equal,9776.4629,-2.235370999999997,-5.784242261334745,rema_50100__rsma_50100,127.0,rema_50100__rsma_50100_equity_equal
rema_50100150__rbo_50_equity_constant,9773.739600000012,-2.2626039999998793,-31.198360235336654,rema_50100150__rbo_50,225.0,rema_50100150__rbo_50_equity_constant
rbo_100__rema_50100_equity_equal,9756.73880000001,-2.4326119999999007,-5.887612158382229,rbo_100__rema_50100,122.0,rbo_100__rema_50100_equity_equal
rsma_50100150_equity_equal,9753.859199999992,-2.461408000000087,-7.53282141625484,rsma_50100150,,rsma_50100150_equity_equal
rbo_20__rsma_50100150_equity_equal,9737.3666,-2.626334000000008,-4.280903815145884,rbo_20__rsma_50100150,331.0,rbo_20__rsma_50100150_equity_equal
rsma_50100150__rsma_50100_equity_equal,9714.018800000007,-2.8598119999999283,-5.0725420000000305,rsma_50100150__rsma_50100,234.0,rsma_50100150__rsma_50100_equity_equal
rbo_100__rbo_50_equity_equal,9712.100200000032,-2.8789979999996884,-6.732739874075872,rbo_100__rbo_50,227.0,rbo_100__rbo_50_equity_equal
rsma_50100__rtt_5020_equity_constant,9700.224900000032,-2.997750999999682,-29.656835337251685,rsma_50100__rtt_5020,141.0,rsma_50100__rtt_5020_equity_constant
rbo_100__rtt_5020_equity_equal,9694.764499999992,-3.0523550000000843,-7.521510697905779,rbo_100__rtt_5020,165.0,rbo_100__rtt_5020_equity_equal
rbo_20__rema_50100150_equity_equal,9678.224799999998,-3.217752000000018,-5.221849790088175,rbo_20__rema_50100150,322.0,rbo_20__rema_50100150_equity_equal
rtt_5020__rsma_50100150_equity_equal,9636.883700000002,-3.6311629999999817,-4.827436137804573,rtt_5020__rsma_50100150,278.0,rtt_5020__rsma_50100150_equity_equal
rtt_5020__rema_50100150_equity_equal,9634.526000000007,-3.654739999999934,-5.699033971717799,rtt_5020__rema_50100150,278.0,rtt_5020__rema_50100150_equity_equal
rbo_20__rtt_5020_equity_equal,9624.585800000008,-3.754141999999916,-5.728615172271773,rbo_20__rtt_5020,27.0,rbo_20__rtt_5020_equity_equal
rsma_50100__rbo_20_equity_equal,9624.141000000018,-3.7585899999998174,-6.393721713663682,rsma_50100__rbo_20,280.0,rsma_50100__rbo_20_equity_equal
rbo_50_equity_equal,9602.501899999987,-3.974981000000133,-9.572782439249874,rbo_50,,rbo_50_equity_equal
rema_50100__rbo_20_equity_equal,9595.543400000028,-4.044565999999728,-6.340798328296588,rema_50100__rbo_20,284.0,rema_50100__rbo_20_equity_equal
rema_100150__rsma_50100_equity_constant,9589.90709999999,-4.100929000000109,-34.4019090022018,rema_100150__rsma_50100,216.0,rema_100150__rsma_50100_equity_constant
rtt_5020__rbo_20_equity_equal,9586.001099999972,-4.139989000000277,-5.204523362759746,rtt_5020__rbo_20,33.0,rtt_5020__rbo_20_equity_equal
rbo_100_equity_equal,9505.974399999994,-4.9402560000000655,-8.611127833434939,rbo_100,,rbo_100_equity_equal
rema_50100150__rema_100150_equity_constant,9475.057300000017,-5.249426999999828,-28.420538672798273,rema_50100150__rema_100150,183.0,rema_50100150__rema_100150_equity_constant
rbo_100__rbo_20_equity_equal,9404.322499999984,-5.9567750000001585,-7.471367566227322,rbo_100__rbo_20,321.0,rbo_100__rbo_20_equity_equal
rema_100150__rtt_5020_equity_convex,9387.194000000001,-6.128059999999991,-106.50063402685997,rema_100150__rtt_5020,215.0,rema_100150__rtt_5020_equity_convex
rema_50100_equity_equal,9252.229000000003,-7.477709999999971,-9.530078469800976,rema_50100,,rema_50100_equity_equal
rsma_50100_equity_equal,9228.391299999988,-7.716087000000115,-11.255760097230691,rsma_50100,,rsma_50100_equity_equal
rbo_20__rbo_20_equity_equal,9219.371599999988,-7.806284000000119,-9.315572931368077,rbo_20__rbo_20,43.0,rbo_20__rbo_20_equity_equal
rema_50100150__rema_50100150_equity_constant,9189.263099999987,-8.10736900000013,-34.31665455456713,rema_50100150__rema_50100150,21.0,rema_50100150__rema_50100150_equity_constant
rema_100150__rtt_5020_equity_concave,8896.744000000015,-11.032559999999847,-106.1618054582947,rema_100150__rtt_5020,215.0,rema_100150__rtt_5020_equity_concave
rema_50100150__rbo_20_equity_concave,8896.60689999992,-11.033931000000797,-82.54091632121437,rema_50100150__rbo_20,229.0,rema_50100150__rbo_20_equity_concave
rtt_5020_equity_equal,8868.19169999997,-11.3180830000003,-12.19222962117007,rtt_5020,,rtt_5020_equity_equal
rbo_20__rbo_20_equity_constant,8713.36159999999,-12.866384000000108,-41.966938227358426,rbo_20__rbo_20,43.0,rbo_20__rbo_20_equity_constant
rsma_100150__rtt_5020_equity_convex,8466.492200000066,-15.335077999999335,-106.79058866480764,rsma_100150__rtt_5020,232.0,rsma_100150__rtt_5020_equity_convex
rema_100150__rbo_50_equity_constant,8391.709399999992,-16.082906000000076,-35.53601904154603,rema_100150__rbo_50,285.0,rema_100150__rbo_50_equity_constant
rsma_100150__rbo_50_equity_constant,8296.852400000003,-17.03147599999997,-40.76496802064925,rsma_100150__rbo_50,310.0,rsma_100150__rbo_50_equity_constant
rema_100150__rbo_50_equity_convex,8277.209800000037,-17.227901999999627,-107.49859039677543,rema_100150__rbo_50,285.0,rema_100150__rbo_50_equity_convex
rbo_20_equity_equal,8182.736100000033,-18.17263899999967,-19.351760270681893,rbo_20,,rbo_20_equity_equal
rema_100150__rbo_20_equity_constant,8160.0161,-18.399839000000007,-39.33995979947042,rema_100150__rbo_20,347.0,rema_100150__rbo_20_equity_constant
rema_100150__rtt_5020_equity_constant,8154.701900000004,-18.45298099999997,-41.90358187744305,rema_100150__rtt_5020,215.0,rema_100150__rtt_5020_equity_constant
rsma_100150__rbo_50_equity_convex,8051.859800000044,-19.48140199999956,-107.8357836538914,rsma_100150__rbo_50,310.0,rsma_100150__rbo_50_equity_convex
rsma_100150__rtt_5020_equity_concave,8024.11270000001,-19.758872999999898,-106.4385414747559,rsma_100150__rtt_5020,232.0,rsma_100150__rtt_5020_equity_concave
rsma_100150__rtt_5020_equity_constant,8007.1183999999785,-19.928816000000214,-47.069075513309286,rsma_100150__rtt_5020,232.0,rsma_100150__rtt_5020_equity_constant
rema_100150__rbo_50_equity_concave,7837.6600000000535,-21.62339999999946,-107.10573883719916,rema_100150__rbo_50,285.0,rema_100150__rbo_50_equity_concave
rema_50100150__rtt_5020_equity_constant,7743.166200000011,-22.568337999999898,-40.20509148864642,rema_50100150__rtt_5020,156.0,rema_50100150__rtt_5020_equity_constant
rsma_100150__rbo_50_equity_concave,7632.587800000071,-23.674121999999286,-107.43036363838527,rsma_100150__rbo_50,310.0,rsma_100150__rbo_50_equity_concave
rema_50100150__rbo_20_equity_constant,7160.744899999995,-28.392551000000044,-43.8265959087836,rema_50100150__rbo_20,229.0,rema_50100150__rbo_20_equity_constant
rema_100150__rbo_20_equity_convex,6998.508100000049,-30.01491899999951,-93.13047977016763,rema_100150__rbo_20,347.0,rema_100150__rbo_20_equity_convex
rema_100150__rsma_50100_equity_concave,6861.063800000085,-31.389361999999142,-100.4034476055822,rema_100150__rsma_50100,216.0,rema_100150__rsma_50100_equity_concave
rema_100150__rsma_50100_equity_convex,6655.745200000103,-33.44254799999897,-98.87044355381039,rema_100150__rsma_50100,216.0,rema_100150__rsma_50100_equity_convex
rema_100150__rbo_20_equity_concave,6513.78100000002,-34.862189999999806,-94.92416788629589,rema_100150__rbo_20,347.0,rema_100150__rbo_20_equity_concave
rema_50100150__rbo_50_equity_convex,6262.177199999977,-37.37822800000023,-79.52016362760585,rema_50100150__rbo_50,225.0,rema_50100150__rbo_50_equity_convex
rbo_20__rbo_20_equity_convex,5991.525600000002,-40.084743999999986,-91.55405931705687,rbo_20__rbo_20,43.0,rbo_20__rbo_20_equity_convex
rema_50100150__rema_50100150_equity_concave,5636.660800000017,-43.63339199999983,-87.39015142237837,rema_50100150__rema_50100150,21.0,rema_50100150__rema_50100150_equity_concave
rema_50100150__rema_50100150_equity_convex,5636.660800000017,-43.63339199999983,-87.39015142237837,rema_50100150__rema_50100150,21.0,rema_50100150__rema_50100150_equity_convex
rbo_20__rbo_20_equity_concave,5548.897599999996,-44.51102400000004,-93.71727852402061,rbo_20__rbo_20,43.0,rbo_20__rbo_20_equity_concave
rema_50100150__rsma_50100_equity_convex,5231.602100000018,-47.68397899999982,-70.67341330163572,rema_50100150__rsma_50100,236.0,rema_50100150__rsma_50100_equity_convex
rema_50100150__rbo_50_equity_concave,5134.812999999968,-48.65187000000032,-79.497263518616,rema_50100150__rbo_50,225.0,rema_50100150__rbo_50_equity_concave
rema_50100150__rsma_50100_equity_concave,4726.827799999989,-52.73172200000011,-83.04931413192813,rema_50100150__rsma_50100,236.0,rema_50100150__rsma_50100_equity_concave
rema_100150__rsma_100150_equity_concave,4462.73320000006,-55.3726679999994,-235.05499142714226,rema_100150__rsma_100150,113.0,rema_100150__rsma_100150_equity_concave
rtt_5020__rema_50100150_equity_convex,3956.875000000006,-60.431249999999935,-86.2949710107551,rtt_5020__rema_50100150,278.0,rtt_5020__rema_50100150_equity_convex
rtt_5020__rema_50100150_equity_concave,3823.1383000000137,-61.76861699999987,-87.67898770282311,rtt_5020__rema_50100150,278.0,rtt_5020__rema_50100150_equity_concave
rbo_20__rsma_100150_equity_concave,3780.8301999999817,-62.19169800000019,-230.56792478709372,rbo_20__rsma_100150,144.0,rbo_20__rsma_100150_equity_concave
rtt_5020__rbo_20_equity_convex,3736.044200000012,-62.63955799999987,-89.19416832193185,rtt_5020__rbo_20,33.0,rtt_5020__rbo_20_equity_convex
rbo_20__rema_50100150_equity_convex,3607.9832000000088,-63.92016799999991,-83.35301974703107,rbo_20__rema_50100150,322.0,rbo_20__rema_50100150_equity_convex
rsma_50100150__rtt_5020_equity_convex,3505.287499999987,-64.94712500000013,-88.08311311071685,rsma_50100150__rtt_5020,151.0,rsma_50100150__rtt_5020_equity_convex
rsma_50100150__rtt_5020_equity_concave,3484.7782999999895,-65.1522170000001,-88.15334690307257,rsma_50100150__rtt_5020,151.0,rsma_50100150__rtt_5020_equity_concave
rbo_20__rbo_50_equity_concave,3329.3218000000134,-66.70678199999986,-106.49192808200753,rbo_20__rbo_50,125.0,rbo_20__rbo_50_equity_concave
rbo_20__rbo_50_equity_convex,3325.4103000000378,-66.74589699999962,-106.48509763472957,rbo_20__rbo_50,125.0,rbo_20__rbo_50_equity_convex
rsma_50100__rtt_5020_equity_convex,2948.2762000000116,-70.51723799999988,-104.58637805257655,rsma_50100__rtt_5020,141.0,rsma_50100__rtt_5020_equity_convex
rema_50100__rsma_100150_equity_concave,2941.730800000027,-70.58269199999974,-235.05129754819754,rema_50100__rsma_100150,111.0,rema_50100__rsma_100150_equity_concave
rsma_50100__rtt_5020_equity_concave,2931.4484000000098,-70.68551599999991,-104.56910805978498,rsma_50100__rtt_5020,141.0,rsma_50100__rtt_5020_equity_concave
rema_100150__rsma_100150_equity_convex,2658.840200000035,-73.41159799999966,-202.0216683802234,rema_100150__rsma_100150,113.0,rema_100150__rsma_100150_equity_convex
rema_50100__rtt_5020_equity_convex,2516.051400000011,-74.8394859999999,-105.54724780285487,rema_50100__rtt_5020,141.0,rema_50100__rtt_5020_equity_convex
rbo_20__rema_50100150_equity_concave,2509.898099999998,-74.90101900000002,-90.23477636957948,rbo_20__rema_50100150,322.0,rbo_20__rema_50100150_equity_concave
rema_50100__rtt_5020_equity_concave,2497.966600000017,-75.02033399999983,-105.51360484861831,rema_50100__rtt_5020,141.0,rema_50100__rtt_5020_equity_concave
rema_50100150__rema_50100_equity_concave,2375.9786000000017,-76.24021399999998,-89.35672481498264,rema_50100150__rema_50100,245.0,rema_50100150__rema_50100_equity_concave
rema_50100150__rema_50100_equity_convex,2375.9328,-76.240672,-89.35690340317663,rema_50100150__rema_50100,245.0,rema_50100150__rema_50100_equity_convex
rsma_100150__rsma_100150_equity_concave,2322.0994999999716,-76.77900500000028,-229.45668287563515,rsma_100150__rsma_100150,15.0,rsma_100150__rsma_100150_equity_concave
rsma_50100__rbo_50_equity_concave,2262.5831999999923,-77.37416800000008,-104.3665351423044,rsma_50100__rbo_50,166.0,rsma_50100__rbo_50_equity_concave
rsma_50100__rbo_50_equity_convex,2259.428799999989,-77.40571200000011,-104.36909180374573,rsma_50100__rbo_50,166.0,rsma_50100__rbo_50_equity_convex
rbo_50__rbo_50_equity_convex,2244.5479000000014,-77.554521,-105.78233989511938,rbo_50__rbo_50,17.0,rbo_50__rbo_50_equity_convex
rbo_50__rbo_50_equity_concave,2244.5479000000014,-77.554521,-105.78233989511938,rbo_50__rbo_50,17.0,rbo_50__rbo_50_equity_concave
rbo_50__rtt_5020_equity_convex,2244.5479000000014,-77.554521,-105.78233989511938,rbo_50__rtt_5020,17.0,rbo_50__rtt_5020_equity_convex
rbo_50__rtt_5020_equity_concave,2244.5479000000014,-77.554521,-105.78233989511938,rbo_50__rtt_5020,17.0,rbo_50__rtt_5020_equity_concave
rsma_100150__rsma_50100_equity_convex,2229.9891000000525,-77.70010899999947,-114.25409196146067,rsma_100150__rsma_50100,272.0,rsma_100150__rsma_50100_equity_convex
rbo_50__rsma_100150_equity_concave,2217.6821000000436,-77.82317899999957,-235.05195035200148,rbo_50__rsma_100150,159.0,rbo_50__rsma_100150_equity_concave
rbo_100__rtt_5020_equity_convex,2160.615200000007,-78.39384799999993,-103.86898615926714,rbo_100__rtt_5020,165.0,rbo_100__rtt_5020_equity_convex
rsma_100150__rbo_20_equity_convex,2153.0688000000546,-78.46931199999946,-95.64998048831492,rsma_100150__rbo_20,361.0,rsma_100150__rbo_20_equity_convex
rbo_100__rtt_5020_equity_concave,2147.0475000000033,-78.52952499999996,-103.84231403307417,rbo_100__rtt_5020,165.0,rbo_100__rtt_5020_equity_concave
rema_50100__rbo_50_equity_concave,2124.6172000000015,-78.75382799999998,-105.2826882727766,rema_50100__rbo_50,172.0,rema_50100__rbo_50_equity_concave
rema_50100__rbo_50_equity_convex,2121.148399999996,-78.78851600000004,-105.27889608004017,rema_50100__rbo_50,172.0,rema_50100__rbo_50_equity_convex
rema_50100150__rema_100150_equity_concave,2091.470599999997,-79.08529400000003,-93.65053198871735,rema_50100150__rema_100150,183.0,rema_50100150__rema_100150_equity_concave
rema_50100150__rema_100150_equity_convex,2091.470599999997,-79.08529400000003,-93.65053198871735,rema_50100150__rema_100150,183.0,rema_50100150__rema_100150_equity_convex
rbo_20__rtt_5020_equity_convex,2045.7443999999923,-79.54255600000008,-101.81083326776226,rbo_20__rtt_5020,27.0,rbo_20__rtt_5020_equity_convex
rbo_20__rtt_5020_equity_concave,1984.5223999999876,-80.15477600000013,-101.7571132796886,rbo_20__rtt_5020,27.0,rbo_20__rtt_5020_equity_concave
rbo_20__rsma_100150_equity_convex,1962.196300000011,-80.37803699999989,-182.0245926717467,rbo_20__rsma_100150,144.0,rbo_20__rsma_100150_equity_convex
rsma_100150__rsma_100150_equity_convex,1936.6357000000287,-80.63364299999971,-207.98240943821656,rsma_100150__rsma_100150,15.0,rsma_100150__rsma_100150_equity_convex
rsma_50100__rbo_20_equity_convex,1845.5013000000274,-81.54498699999972,-92.20177499999967,rsma_50100__rbo_20,280.0,rsma_50100__rbo_20_equity_convex
rbo_20__rsma_50100_equity_concave,1773.6647999999855,-82.26335200000014,-100.40298448621479,rbo_20__rsma_50100,213.0,rbo_20__rsma_50100_equity_concave
rsma_50100__rbo_20_equity_concave,1754.651300000027,-82.45348699999973,-92.66388204121903,rsma_50100__rbo_20,280.0,rsma_50100__rbo_20_equity_concave
rema_50100__rsma_100150_equity_convex,1749.3793000000176,-82.50620699999982,-202.01691977402564,rema_50100__rsma_100150,111.0,rema_50100__rsma_100150_equity_convex
rsma_50100__rsma_50100_equity_convex,1736.6361000000106,-82.63363899999989,-101.00283979565535,rsma_50100__rsma_50100,16.0,rsma_50100__rsma_50100_equity_convex
rsma_50100__rsma_50100_equity_concave,1736.6361000000106,-82.63363899999989,-101.00283979565535,rsma_50100__rsma_50100,16.0,rsma_50100__rsma_50100_equity_concave
rbo_20__rsma_50100_equity_convex,1720.6828000000007,-82.793172,-99.08687200021495,rbo_20__rsma_50100,213.0,rbo_20__rsma_50100_equity_convex
rsma_50100150__rbo_50_equity_concave,1719.7367999999824,-82.80263200000017,-94.30396748920033,rsma_50100150__rbo_50,209.0,rsma_50100150__rbo_50_equity_concave
rsma_50100150__rbo_50_equity_convex,1717.2795999999903,-82.8272040000001,-94.31218971134905,rsma_50100150__rbo_50,209.0,rsma_50100150__rbo_50_equity_convex
rbo_50__rbo_20_equity_convex,1680.5492000000243,-83.19450799999976,-94.50309802208231,rbo_50__rbo_20,190.0,rbo_50__rbo_20_equity_convex
rtt_5020__rbo_50_equity_concave,1654.5734000000016,-83.45426599999999,-105.78233989511938,rtt_5020__rbo_50,17.0,rtt_5020__rbo_50_equity_concave
rtt_5020__rtt_5020_equity_concave,1654.5734000000016,-83.45426599999999,-105.78233989511938,rtt_5020__rtt_5020,17.0,rtt_5020__rtt_5020_equity_concave
rtt_5020__rbo_50_equity_convex,1654.5734000000016,-83.45426599999999,-105.78233989511938,rtt_5020__rbo_50,17.0,rtt_5020__rbo_50_equity_convex
rtt_5020__rtt_5020_equity_convex,1654.5734000000016,-83.45426599999999,-105.78233989511938,rtt_5020__rtt_5020,17.0,rtt_5020__rtt_5020_equity_convex
rbo_50__rbo_20_equity_concave,1554.3856000000246,-84.45614399999975,-95.45224606521806,rbo_50__rbo_20,190.0,rbo_50__rbo_20_equity_concave
rbo_100__rbo_50_equity_concave,1512.0175000000056,-84.87982499999994,-103.68731329849166,rbo_100__rbo_50,227.0,rbo_100__rbo_50_equity_concave
rbo_100__rbo_50_equity_convex,1511.8897000000127,-84.88110299999987,-103.68531117216422,rbo_100__rbo_50,227.0,rbo_100__rbo_50_equity_convex
rsma_50100__rsma_100150_equity_concave,1442.0451000000082,-85.57954899999991,-225.94652238045748,rsma_50100__rsma_100150,126.0,rsma_50100__rsma_100150_equity_concave
rema_50100__rbo_20_equity_convex,1354.4395000000209,-86.45560499999979,-94.8536892056598,rema_50100__rbo_20,284.0,rema_50100__rbo_20_equity_convex
rbo_50__rsma_100150_equity_convex,1320.5217000000077,-86.79478299999992,-202.01450646944025,rbo_50__rsma_100150,159.0,rbo_50__rsma_100150_equity_convex
rbo_100__rsma_50100_equity_convex,1297.109800000024,-87.02890199999975,-98.79519057901369,rbo_100__rsma_50100,195.0,rbo_100__rsma_50100_equity_convex
rbo_100__rbo_20_equity_convex,1296.3774000000105,-87.0362259999999,-94.48250999999985,rbo_100__rbo_20,321.0,rbo_100__rbo_20_equity_convex
rema_50100150__rbo_100_equity_convex,1287.8540999999975,-87.12145900000003,-95.07684407442042,rema_50100150__rbo_100,189.0,rema_50100150__rbo_100_equity_convex
rema_50100150__rbo_100_equity_concave,1273.8751999999993,-87.26124800000001,-95.13038449098146,rema_50100150__rbo_100,189.0,rema_50100150__rbo_100_equity_concave
rbo_20__rbo_100_equity_convex,1273.838399999996,-87.26161600000005,-109.64285919534848,rbo_20__rbo_100,129.0,rbo_20__rbo_100_equity_convex
rema_50100__rsma_50100_equity_convex,1249.523700000013,-87.50476299999987,-98.79718970843864,rema_50100__rsma_50100,127.0,rema_50100__rsma_50100_equity_convex
rema_50100__rbo_20_equity_concave,1241.4557000000336,-87.58544299999966,-95.80331550508696,rema_50100__rbo_20,284.0,rema_50100__rbo_20_equity_concave
rbo_100__rbo_20_equity_concave,1222.0232000000046,-87.77976799999996,-94.80337499999982,rbo_100__rbo_20,321.0,rbo_100__rbo_20_equity_concave
rtt_5020__rsma_100150_equity_concave,1198.4971000000035,-88.01502899999997,-234.43619135058555,rtt_5020__rsma_100150,111.0,rtt_5020__rsma_100150_equity_concave
rbo_100__rsma_50100_equity_concave,1171.4764000000216,-88.28523599999978,-99.01156846188978,rbo_100__rsma_50100,195.0,rbo_100__rsma_50100_equity_concave
rbo_20__rsma_50100150_equity_convex,1170.581400000003,-88.29418599999997,-123.20272357703803,rbo_20__rsma_50100150,331.0,rbo_20__rsma_50100150_equity_convex
rbo_50__rsma_50100_equity_convex,1161.0433000000016,-88.38956699999999,-98.7989211345975,rbo_50__rsma_50100,161.0,rbo_50__rsma_50100_equity_convex
rsma_50100__rsma_100150_equity_convex,1153.2551999999957,-88.46744800000003,-200.7168988500277,rsma_50100__rsma_100150,126.0,rsma_50100__rsma_100150_equity_convex
rema_50100__rsma_50100_equity_concave,1128.092299999992,-88.71907700000008,-99.01278909161911,rema_50100__rsma_50100,127.0,rema_50100__rsma_50100_equity_concave
rbo_100__rsma_100150_equity_concave,1102.4309000000117,-88.97569099999988,-235.0534897886921,rbo_100__rsma_100150,124.0,rbo_100__rsma_100150_equity_concave
rbo_50__rsma_50100_equity_concave,1095.835900000016,-89.04164099999984,-99.01261538790568,rbo_50__rsma_50100,161.0,rbo_50__rsma_50100_equity_concave
rsma_50100150__rsma_50100_equity_convex,1055.1015000000098,-89.44898499999991,-100.36533099999994,rsma_50100150__rsma_50100,234.0,rsma_50100150__rsma_50100_equity_convex
rsma_50100150__rbo_20_equity_convex,1037.6696999999995,-89.623303,-91.39039100000001,rsma_50100150__rbo_20,214.0,rsma_50100150__rbo_20_equity_convex
rsma_50100150__rbo_20_equity_concave,1031.2347999999997,-89.687652,-91.44497,rsma_50100150__rbo_20,214.0,rsma_50100150__rbo_20_equity_concave
rbo_20__rema_100150_equity_concave,1028.4608999999793,-89.71539100000021,-104.83595072608706,rbo_20__rema_100150,120.0,rbo_20__rema_100150_equity_concave
rbo_20__rema_100150_equity_convex,1028.324299999984,-89.71675700000016,-104.83771179515966,rbo_20__rema_100150,120.0,rbo_20__rema_100150_equity_convex
rbo_20__rbo_100_equity_concave,966.5672999999887,-90.33432700000012,-106.47400829242572,rbo_20__rbo_100,129.0,rbo_20__rbo_100_equity_concave
rema_100150__rema_100150_equity_concave,912.0337000000176,-90.87966299999982,-106.78599960211601,rema_100150__rema_100150,9.0,rema_100150__rema_100150_equity_concave
rema_100150__rema_100150_equity_convex,912.0337000000176,-90.87966299999982,-106.78599960211601,rema_100150__rema_100150,9.0,rema_100150__rema_100150_equity_convex
rbo_50__rema_50100150_equity_convex,897.0499000000226,-91.02950099999978,-97.96273582404888,rbo_50__rema_50100150,376.0,rbo_50__rema_50100150_equity_convex
rsma_50100150__rbo_100_equity_convex,890.3895000000039,-91.09610499999997,-96.52330904156912,rsma_50100150__rbo_100,142.0,rsma_50100150__rbo_100_equity_convex
rsma_50100150__rbo_100_equity_concave,881.7266000000029,-91.18273399999997,-96.55685915977875,rsma_50100150__rbo_100,142.0,rsma_50100150__rbo_100_equity_concave
rema_100150__rema_50100150_equity_convex,872.0591999999808,-91.27940800000019,-97.37256192424472,rema_100150__rema_50100150,492.0,rema_100150__rema_50100150_equity_convex
rbo_50__rema_50100150_equity_concave,866.3148000000227,-91.33685199999977,-98.16857903759984,rbo_50__rema_50100150,376.0,rbo_50__rema_50100150_equity_concave
rtt_5020__rsma_50100_equity_convex,809.5655999999956,-91.90434400000005,-98.7989211345975,rtt_5020__rsma_50100,128.0,rtt_5020__rsma_50100_equity_convex
rema_50100__rema_50100150_equity_concave,803.0006000000106,-91.9699939999999,-96.80330092212732,rema_50100__rema_50100150,469.0,rema_50100__rema_50100150_equity_concave
rema_50100__rema_50100150_equity_convex,803.0006000000106,-91.9699939999999,-96.80330092212732,rema_50100__rema_50100150,469.0,rema_50100__rema_50100150_equity_convex
rtt_5020__rsma_50100_equity_concave,764.1296000000121,-92.35870399999988,-99.01261538790568,rtt_5020__rsma_50100,128.0,rtt_5020__rsma_50100_equity_concave
rtt_5020__rsma_50100150_equity_convex,688.7320000000013,-93.11268,-145.68543656445172,rtt_5020__rsma_50100150,278.0,rtt_5020__rsma_50100150_equity_convex
rbo_100__rsma_100150_equity_convex,654.8791000000053,-93.45120899999995,-202.00608669884338,rbo_100__rsma_100150,124.0,rbo_100__rsma_100150_equity_convex
rsma_50100150__rema_50100150_equity_concave,650.2939999999919,-93.49706000000008,-96.66000257420055,rsma_50100150__rema_50100150,155.0,rsma_50100150__rema_50100150_equity_concave
rsma_50100150__rema_50100150_equity_convex,649.4435999999914,-93.50556400000009,-96.66324315967634,rsma_50100150__rema_50100150,155.0,rsma_50100150__rema_50100150_equity_convex
rtt_5020__rsma_100150_equity_convex,621.8221000000129,-93.78177899999986,-184.45266476955712,rtt_5020__rsma_100150,111.0,rtt_5020__rsma_100150_equity_convex
rema_100150__rema_50100150_equity_concave,606.2991000000087,-93.93700899999992,-98.45862030450417,rema_100150__rema_50100150,492.0,rema_100150__rema_50100150_equity_concave
rtt_5020__rbo_20_equity_concave,597.5857000000292,-94.02414299999971,-119.52007109818823,rtt_5020__rbo_20,33.0,rtt_5020__rbo_20_equity_concave
rtt_5020_equity_convex,595.2107000000062,-94.04789299999993,-98.25419697568331,rtt_5020,,rtt_5020_equity_convex
rsma_100150__rema_100150_equity_convex,594.7493000000121,-94.05250699999988,-106.82143300075397,rsma_100150__rema_100150,105.0,rsma_100150__rema_100150_equity_convex
rsma_100150__rema_100150_equity_concave,594.741300000036,-94.05258699999965,-106.82452504003106,rsma_100150__rema_100150,105.0,rsma_100150__rema_100150_equity_concave
rsma_100150__rbo_20_equity_concave,592.7128000000332,-94.07287199999966,-98.80413779069673,rsma_100150__rbo_20,361.0,rsma_100150__rbo_20_equity_concave
rsma_50100150__rema_50100_equity_concave,560.4501000000002,-94.395499,-97.70231002303,rsma_50100150__rema_50100,165.0,rsma_50100150__rema_50100_equity_concave
rsma_50100150__rema_50100_equity_convex,559.4650000000015,-94.40534999999998,-97.70641132773297,rsma_50100150__rema_50100,165.0,rsma_50100150__rema_50100_equity_convex
rbo_100__rema_50100150_equity_convex,348.9245000000043,-96.51075499999996,-98.5819469249282,rbo_100__rema_50100150,466.0,rbo_100__rema_50100150_equity_convex
rbo_100__rema_50100150_equity_concave,348.9245000000043,-96.51075499999996,-98.5819469249282,rbo_100__rema_50100150,466.0,rbo_100__rema_50100150_equity_concave
rema_50100__rbo_100_equity_convex,340.8972999999983,-96.59102700000003,-102.82177091377393,rema_50100__rbo_100,67.0,rema_50100__rbo_100_equity_convex
rema_50100__rbo_100_equity_concave,336.8890000000023,-96.63110999999998,-102.7914968455715,rema_50100__rbo_100,67.0,rema_50100__rbo_100_equity_concave
rsma_100150__rema_50100150_equity_convex,316.18129999998604,-96.83818700000015,-98.91767064283924,rsma_100150__rema_50100150,497.0,rsma_100150__rema_50100150_equity_convex
rema_100150__rbo_100_equity_convex,293.09750000000133,-97.06902499999998,-104.60024944232589,rema_100150__rbo_100,114.0,rema_100150__rbo_100_equity_convex
rbo_100__rbo_100_equity_convex,265.0108000000117,-97.34989199999988,-103.57864790674486,rbo_100__rbo_100,10.0,rbo_100__rbo_100_equity_convex
rbo_100__rbo_100_equity_concave,265.0108000000117,-97.34989199999988,-103.57864790674486,rbo_100__rbo_100,10.0,rbo_100__rbo_100_equity_concave
rbo_20__rema_50100_equity_convex,260.6078000000064,-97.39392199999993,-107.74124942115502,rbo_20__rema_50100,146.0,rbo_20__rema_50100_equity_convex
rsma_100150__rbo_100_equity_convex,242.84310000000164,-97.57156899999998,-104.63180182419921,rsma_100150__rbo_100,148.0,rsma_100150__rbo_100_equity_convex
rsma_50100150__rsma_50100_equity_concave,242.02810000001006,-97.5797189999999,-138.33781599999992,rsma_50100150__rsma_50100,234.0,rsma_50100150__rsma_50100_equity_concave
rsma_100150__rema_50100150_equity_concave,219.63200000001152,-97.80367999999989,-99.3662742433763,rsma_100150__rema_50100150,497.0,rsma_100150__rema_50100150_equity_concave
rbo_50__rbo_100_equity_concave,217.48540000001245,-97.82514599999988,-103.60578502530156,rbo_50__rbo_100,102.0,rbo_50__rbo_100_equity_concave
rema_100150__rbo_100_equity_concave,217.19340000001503,-97.82806599999985,-103.0200607200146,rema_100150__rbo_100,114.0,rema_100150__rbo_100_equity_concave
rbo_50__rbo_100_equity_convex,214.9110000000007,-97.85088999999999,-103.73619639234771,rbo_50__rbo_100,102.0,rbo_50__rbo_100_equity_convex
rbo_20__rema_50100_equity_concave,181.55230000000623,-98.18447699999993,-104.53788807248196,rbo_20__rema_50100,146.0,rbo_20__rema_50100_equity_concave
rsma_100150__rbo_100_equity_concave,180.04820000001206,-98.19951799999987,-103.03798167536596,rsma_100150__rbo_100,148.0,rsma_100150__rbo_100_equity_concave
rema_100150__rema_50100_equity_convex,165.0436999999859,-98.34956300000015,-104.67866606029503,rema_100150__rema_50100,131.0,rema_100150__rema_50100_equity_convex
rsma_100150__rsma_50100150_equity_convex,163.53400000002975,-98.3646599999997,-104.59962975662177,rsma_100150__rsma_50100150,468.0,rsma_100150__rsma_50100150_equity_convex
rsma_50100__rema_50100150_equity_convex,149.43450000000573,-98.50565499999995,-101.00283979565535,rsma_50100__rema_50100150,392.0,rsma_50100__rema_50100150_equity_convex
rsma_50100__rema_50100150_equity_concave,149.43450000000573,-98.50565499999995,-101.00283979565535,rsma_50100__rema_50100150,392.0,rsma_50100__rema_50100150_equity_concave
rtt_5020__rbo_100_equity_concave,139.61790000001298,-98.60382099999987,-103.60578502530156,rtt_5020__rbo_100,80.0,rtt_5020__rbo_100_equity_concave
rtt_5020__rbo_100_equity_convex,137.6392000000005,-98.62360799999999,-103.73619639234771,rtt_5020__rbo_100,80.0,rtt_5020__rbo_100_equity_convex
rsma_50100150__rsma_50100150_equity_convex,132.4260999999919,-98.67573900000008,-146.4759180000001,rsma_50100150__rsma_50100150,26.0,rsma_50100150__rsma_50100150_equity_convex
rbo_50__rema_50100_equity_convex,119.59350000003197,-98.80406499999968,-105.33092694448429,rbo_50__rema_50100,100.0,rbo_50__rema_50100_equity_convex
rbo_50__rema_50100_equity_concave,114.92990000002332,-98.85070099999976,-104.79520254900147,rbo_50__rema_50100,100.0,rbo_50__rema_50100_equity_concave
rema_100150__rema_50100_equity_concave,114.80980000001051,-98.8519019999999,-102.74610401796079,rema_100150__rema_50100,131.0,rema_100150__rema_50100_equity_concave
rsma_100150__rema_50100_equity_convex,112.76519999998297,-98.87234800000016,-104.70980409267929,rsma_100150__rema_50100,190.0,rsma_100150__rema_50100_equity_convex
rtt_5020_equity_concave,107.85470000003774,-98.92145299999963,-119.46904293677115,rtt_5020,,rtt_5020_equity_concave
rtt_5020__rema_50100_equity_convex,102.32690000003248,-98.97673099999967,-105.33092694448429,rtt_5020__rema_50100,67.0,rtt_5020__rema_50100_equity_convex
rema_50100__rema_100150_equity_concave,101.62250000000262,-98.98377499999998,-102.29720494168839,rema_50100__rema_100150,44.0,rema_50100__rema_100150_equity_concave
rema_50100__rema_100150_equity_convex,101.62250000000262,-98.98377499999998,-102.29720494168839,rema_50100__rema_100150,44.0,rema_50100__rema_100150_equity_convex
rtt_5020__rema_50100_equity_concave,98.26200000002328,-99.01737999999976,-104.79520254900147,rtt_5020__rema_50100,67.0,rtt_5020__rema_50100_equity_concave
rema_50100__rema_50100_equity_concave,89.6140000000018,-99.10385999999998,-104.67508174236764,rema_50100__rema_50100,17.0,rema_50100__rema_50100_equity_concave
rema_50100__rema_50100_equity_convex,89.6140000000018,-99.10385999999998,-104.67508174236764,rema_50100__rema_50100,17.0,rema_50100__rema_50100_equity_convex
rbo_50__rema_100150_equity_concave,89.28619999999188,-99.10713800000008,-102.08284169089177,rbo_50__rema_100150,128.0,rbo_50__rema_100150_equity_concave
rbo_50__rema_100150_equity_convex,89.28619999999188,-99.10713800000008,-102.08284169089177,rbo_50__rema_100150,128.0,rbo_50__rema_100150_equity_convex
rsma_100150__rema_50100_equity_concave,78.36410000000728,-99.21635899999993,-102.76690263519637,rsma_100150__rema_50100,190.0,rsma_100150__rema_50100_equity_concave
rsma_50100__rbo_100_equity_convex,78.0938000000155,-99.21906199999985,-101.96745003275905,rsma_50100__rbo_100,71.0,rsma_50100__rbo_100_equity_convex
rsma_50100__rbo_100_equity_concave,78.01920000001456,-99.21980799999986,-101.96339094048722,rsma_50100__rbo_100,71.0,rsma_50100__rbo_100_equity_concave
rtt_5020__rema_100150_equity_convex,76.0120999999921,-99.23987900000007,-102.08284169089177,rtt_5020__rema_100150,83.0,rtt_5020__rema_100150_equity_convex
rtt_5020__rema_100150_equity_concave,76.0120999999921,-99.23987900000007,-102.08284169089177,rtt_5020__rema_100150,83.0,rtt_5020__rema_100150_equity_concave
rbo_100__rema_50100_equity_concave,67.56500000000534,-99.32434999999995,-102.43179519826595,rbo_100__rema_50100,122.0,rbo_100__rema_50100_equity_concave
rbo_100__rema_50100_equity_convex,67.56500000000534,-99.32434999999995,-102.43179519826595,rbo_100__rema_50100,122.0,rbo_100__rema_50100_equity_convex
rema_100150__rsma_50100150_equity_convex,51.60600000002776,-99.48393999999972,-166.1567518619905,rema_100150__rsma_50100150,461.0,rema_100150__rsma_50100150_equity_convex
rsma_50100__rema_50100_equity_convex,43.63730000000817,-99.56362699999993,-101.1506067715372,rsma_50100__rema_50100,59.0,rsma_50100__rema_50100_equity_convex
rsma_50100__rema_50100_equity_concave,43.63730000000817,-99.56362699999993,-101.1506067715372,rsma_50100__rema_50100,59.0,rsma_50100__rema_50100_equity_concave
rsma_50100150__rsma_100150_equity_convex,37.064700000006845,-99.62935299999994,-102.05438699999998,rsma_50100150__rsma_100150,136.0,rsma_50100150__rsma_100150_equity_convex
rsma_100150__rsma_50100150_equity_concave,-0.025399999981435162,-100.00025399999981,-156.02530918838664,rsma_100150__rsma_50100150,468.0,rsma_100150__rsma_50100150_equity_concave
rsma_50100150__rema_100150_equity_convex,-10.31680000001083,-100.1031680000001,-100.43313677797397,rsma_50100150__rema_100150,124.0,rsma_50100150__rema_100150_equity_convex
rsma_50100150__rema_100150_equity_concave,-10.31680000001083,-100.1031680000001,-100.43313677797397,rsma_50100150__rema_100150,124.0,rsma_50100150__rema_100150_equity_concave
rbo_100__rema_100150_equity_convex,-16.510600000005237,-100.16510600000007,-101.96661984081953,rbo_100__rema_100150,82.0,rbo_100__rema_100150_equity_convex
rbo_100__rema_100150_equity_concave,-16.510600000005237,-100.16510600000007,-101.96661984081953,rbo_100__rema_100150,82.0,rbo_100__rema_100150_equity_concave
rbo_100__rsma_50100150_equity_convex,-37.35490000000053,-100.373549,-180.71260483389244,rbo_100__rsma_50100150,450.0,rbo_100__rsma_50100150_equity_convex
rema_50100__rsma_50100150_equity_convex,-44.56590000000507,-100.44565900000005,-180.709374252758,rema_50100__rsma_50100150,418.0,rema_50100__rsma_50100150_equity_convex
rsma_50100__rsma_50100150_equity_convex,-74.55919999999745,-100.74559199999997,-178.56594166232145,rsma_50100__rsma_50100150,420.0,rsma_50100__rsma_50100150_equity_convex
rbo_50__rsma_50100150_equity_convex,-79.50849999999696,-100.79508499999996,-180.8275596082511,rbo_50__rsma_50100150,388.0,rbo_50__rsma_50100150_equity_convex
rbo_100__rsma_50100150_equity_concave,-154.54819999999438,-101.54548199999995,-206.4572079472682,rbo_100__rsma_50100150,450.0,rbo_100__rsma_50100150_equity_concave
rsma_50100150__rsma_50100150_equity_concave,-165.3456000000058,-101.65345600000006,-187.92157300000005,rsma_50100150__rsma_50100150,26.0,rsma_50100150__rsma_50100150_equity_concave
rsma_50100__rema_100150_equity_concave,-182.12040000000138,-101.82120400000001,-111.87660425061006,rsma_50100__rema_100150,65.0,rsma_50100__rema_100150_equity_concave
rsma_50100__rema_100150_equity_convex,-182.12040000000138,-101.82120400000001,-111.87660425061006,rsma_50100__rema_100150,65.0,rsma_50100__rema_100150_equity_convex
rema_50100__rsma_50100150_equity_concave,-184.12400000000312,-101.84124000000003,-206.46257391848053,rema_50100__rsma_50100150,418.0,rema_50100__rsma_50100150_equity_concave
rsma_50100__rsma_50100150_equity_concave,-271.9136999999996,-102.71913699999999,-198.90961563234032,rsma_50100__rsma_50100150,420.0,rsma_50100__rsma_50100150_equity_concave
rbo_20__rsma_50100150_equity_concave,-298.6888999999923,-102.98688899999992,-175.14713080508005,rbo_20__rsma_50100150,331.0,rbo_20__rsma_50100150_equity_concave
rbo_50__rsma_50100150_equity_concave,-339.1273999999984,-103.39127399999998,-206.4747939528482,rbo_50__rsma_50100150,388.0,rbo_50__rsma_50100150_equity_concave
rema_100150__rsma_50100150_equity_concave,-381.7474999999764,-103.81747499999976,-202.7344036427265,rema_100150__rsma_50100150,461.0,rema_100150__rsma_50100150_equity_concave
rsma_100150__rsma_50100_equity_concave,-515.5515999999728,-105.15551599999972,-170.63374542831602,rsma_100150__rsma_50100,272.0,rsma_100150__rsma_50100_equity_concave
rema_50100150__rsma_50100150_equity_convex,-572.3075000000072,-105.72307500000007,-180.709374252758,rema_50100150__rsma_50100150,182.0,rema_50100150__rsma_50100150_equity_convex
rsma_50100150__rsma_100150_equity_concave,-686.825399999989,-106.86825399999988,-150.92992199999992,rsma_50100150__rsma_100150,136.0,rsma_50100150__rsma_100150_equity_concave
rtt_5020__rsma_50100150_equity_concave,-843.454400000019,-108.43454400000019,-197.6125530370718,rtt_5020__rsma_50100150,278.0,rtt_5020__rsma_50100150_equity_concave
rema_50100150__rsma_50100150_equity_concave,-2353.600900000008,-123.53600900000008,-206.46257391848053,rema_50100150__rsma_50100150,182.0,rema_50100150__rsma_50100150_equity_concave
rema_50100150__rsma_100150_equity_convex,-6539.925899999989,-165.3992589999999,-227.11712513124579,rema_50100150__rsma_100150,192.0,rema_50100150__rsma_100150_equity_convex
rema_50100150__rsma_100150_equity_concave,-10990.483999999931,-209.9048399999993,-268.2807057058817,rema_50100150__rsma_100150,192.0,rema_50100150__rsma_100150_equity_concave
rbo_20_equity_constant,,,0.0,rbo_20,,rbo_20_equity_constant
rbo_20_equity_concave,,,0.0,rbo_20,,rbo_20_equity_concave
rbo_20_equity_convex,,,0.0,rbo_20,,rbo_20_equity_convex
rbo_50_equity_constant,,,0.0,rbo_50,,rbo_50_equity_constant
rbo_50_equity_concave,,,0.0,rbo_50,,rbo_50_equity_concave
rbo_50_equity_convex,,,0.0,rbo_50,,rbo_50_equity_convex
rbo_100_equity_constant,,,0.0,rbo_100,,rbo_100_equity_constant
rbo_100_equity_concave,,,0.0,rbo_100,,rbo_100_equity_concave
rbo_100_equity_convex,,,0.0,rbo_100,,rbo_100_equity_convex
rsma_50100_equity_constant,,,0.0,rsma_50100,,rsma_50100_equity_constant
rsma_50100_equity_concave,,,0.0,rsma_50100,,rsma_50100_equity_concave
rsma_50100_equity_convex,,,0.0,rsma_50100,,rsma_50100_equity_convex
rsma_100150_equity_constant,,,0.0,rsma_100150,,rsma_100150_equity_constant
rsma_100150_equity_concave,,,0.0,rsma_100150,,rsma_100150_equity_concave
rsma_100150_equity_convex,,,0.0,rsma_100150,,rsma_100150_equity_convex
rsma_50100150_equity_constant,,,0.0,rsma_50100150,,rsma_50100150_equity_constant
rsma_50100150_equity_concave,,,0.0,rsma_50100150,,rsma_50100150_equity_concave
rsma_50100150_equity_convex,,,0.0,rsma_50100150,,rsma_50100150_equity_convex
rema_50100_equity_constant,,,0.0,rema_50100,,rema_50100_equity_constant
rema_50100_equity_concave,,,0.0,rema_50100,,rema_50100_equity_concave
rema_50100_equity_convex,,,0.0,rema_50100,,rema_50100_equity_convex
rema_100150_equity_constant,,,0.0,rema_100150,,rema_100150_equity_constant
rema_100150_equity_concave,,,0.0,rema_100150,,rema_100150_equity_concave
rema_100150_equity_convex,,,0.0,rema_100150,,rema_100150_equity_convex
rema_50100150_equity_constant,,,0.0,rema_50100150,,rema_50100150_equity_constant
rema_50100150_equity_concave,,,0.0,rema_50100150,,rema_50100150_equity_concave
rema_50100150_equity_convex,,,0.0,rema_50100150,,rema_50100150_equity_convex
rrg_equity_constant,,,0.0,rrg,,rrg_equity_constant
rrg_equity_concave,,,0.0,rrg,,rrg_equity_concave
rrg_equity_convex,,,0.0,rrg,,rrg_equity_convex
